template 0 2
0 0 
-0.00923786 -0.00230946 
-0.0207852 -0.00230946 
-0.034642 -0.00230946 
-0.0577367 -0.00230946 
-0.0831409 -0.00230946 
-0.159353 0.0115474 
-0.198614 0.0369515 
-0.242494 0.073903 
-0.265589 0.101617 
-0.295612 0.133949 
-0.325635 0.187067 
-0.337182 0.2194 
-0.339492 0.258661 
-0.341801 0.293303 
-0.341801 0.327945 
-0.341801 0.381062 
-0.334873 0.401848 
-0.321016 0.424942 
-0.30485 0.448037 
-0.279446 0.466513 
-0.212471 0.484988 
-0.168591 0.491917 
-0.122402 0.496536 
-0.0669746 0.496536 
-0.00923786 0.496536 
0.0461894 0.494226 
0.120092 0.464203 
0.143187 0.445727 
0.154734 0.43418 
0.168591 0.406467 
0.170901 0.344111 
0.170901 0.318707 
0.168591 0.293303 
0.159353 0.277136 
0.145497 0.26097 
0.120092 0.240185 
0.106236 0.230947 
0.0808314 0.224018 
0.0554273 0.221709 
0.0207852 0.221709 
-0.0369515 0.228637 
-0.0577367 0.242494 
-0.0762125 0.251732 
-0.0993071 0.267898 
-0.113164 0.279446 
-0.127021 0.297921 
template 1 2
0 0 
0 0 
-0.00230947 -0.00461894 
-0.00230947 -0.00923789 
-0.00230947 -0.0207853 
-0.00230947 -0.039261 
-0.00230947 -0.0692841 
-0.00230947 -0.157044 
-0.00230947 -0.207852 
-0.00230947 -0.251732 
0.00230946 -0.277136 
0.00461893 -0.321016 
0.00461893 -0.334873 
0.00461893 -0.34873 
0.00461893 -0.360277 
0.00461893 -0.364896 
0.00461893 -0.376443 
0.0069284 -0.376443 
0.0069284 -0.376443 
0.0069284 -0.378753 
0.0069284 -0.381062 
0.0069284 -0.381062 
0.0069284 -0.383372 
0.00923787 -0.383372 
0.0184757 -0.385681 
0.0323326 -0.385681 
0.110855 -0.387991 
0.159353 -0.387991 
0.205543 -0.381062 
0.242494 -0.371825 
0.277136 -0.362587 
0.314088 -0.360277 
0.364896 -0.360277 
0.381062 -0.360277 
0.394919 -0.360277 
0.404157 -0.362587 
0.422633 -0.364896 
0.427252 -0.364896 
0.429561 -0.364896 
0.431871 -0.364896 
0.431871 -0.364896 
0.431871 -0.357968 
0.431871 -0.339492 
0.431871 -0.309469 
0.424942 -0.267898 
0.415704 -0.214781 
0.413395 -0.168591 
0.408776 -0.0831409 
0.404157 -0.0484989 
0.397229 -0.0138568 
0.394919 0.00461888 
0.39261 0.0207852 
0.3903 0.034642 
0.3903 0.0369515 
0.3903 0.0369515 
0.3903 0.0369515 
0.387991 0.0369515 
0.381062 0.0369515 
0.364896 0.0369515 
0.339492 0.030023 
0.300231 0.0254042 
0.210162 0.0161663 
0.163972 0.0161663 
0.117783 0.0161663 
0.0946882 0.0161663 
0.0715935 0.0161663 
0.0623557 0.0138568 
0.0531178 0.0138568 
0.0508083 0.0138568 
